
   FALSE     TRUE 
 1280548 10193200 
       
        Bertrand      2nd
  FALSE  1280548        0
  TRUE  10193200        0
       
             up    down vertical    both
  FALSE 1095734   94848  1044590  598783
  TRUE  2253705 2590417  1580517 2215154
       
        constant linprod lincons conslin consparty linparty
  FALSE   476184  466241  477650  477519    403635   532726
  TRUE   1485017 1421981 1414435 1424985   1543948  1349427
   down
up       2      3      4      5      6      7
  2  58509  57316  54464  54396      0      0
  3  20317  25636  69334  70631      0      0
  4  17993  54094  86298 137266     62      6
  5  30926  85116 127568 127562   4452   7267
  6      0      0   5422  10007  23437  28333
  7      0      0   6408  16991  39244  61493
